-2.0e0 -2.0e0 -2.66666e0 -2.66666e0
-1.833334e0 -2.0e0 -1.73456e0 -1.73456e0
-1.6666681e0 -2.0e0 -9.321e-1 -9.321e-1
-1.5000021e0 -2.0e0 -2.5e-1 -2.5e-1
-1.3333362e0 -2.0e0 3.209901e-1 3.209901e-1
-1.1666702e0 -2.0e0 7.9013e-1 7.9013e-1
-1.0000043e0 -2.0e0 1.16667e0 1.16667e0
-8.333383e-1 -2.0e0 1.4598691e0 1.4598691e0
-6.666724e-1 -2.0e0 1.6790071e0 1.6790071e0
-5.000064e-1 -2.0e0 1.8333302e0 1.8333302e0
-3.333405e-1 -2.0e0 1.9320969e0 1.9320969e0
-1.666745e-1 -2.0e0 1.9845667e0 1.9845667e0
-8.5e-6 -2.0e0 2.0e0 2.0e0
1.666574e-1 -2.0e0 1.9876556e0 1.9876556e0
3.333234e-1 -2.0e0 1.9567934e0 1.9567934e0
4.999893e-1 -2.0e0 1.916669e0 1.916669e0
6.666553e-1 -2.0e0 1.876546e0 1.876546e0
8.333212e-1 -2.0e0 1.845682e0 1.845682e0
9.999872e-1 -2.0e0 1.833333e0 1.833333e0
1.1666531e0 -2.0e0 1.84877e0 1.84877e0
1.3333191e0 -2.0e0 1.90123e0 1.90123e0
1.499985e0 -2.0e0 1.9999799e0 1.9999799e0
1.666651e0 -2.0e0 2.1543e0 2.1543e0
1.833317e0 -2.0e0 2.3734299e0 2.3734299e0
1.9999829e0 -2.0e0 2.66665e0 2.66665e0

-2.0e0 -1.833334e0 -2.9861e0 -2.9861e0
-1.833334e0 -1.833334e0 -2.054e0 -2.054e0
-1.6666681e0 -1.833334e0 -1.2515402e0 -1.2515402e0
-1.5000021e0 -1.833334e0 -5.6944e-1 -5.6944e-1
-1.3333362e0 -1.833334e0 1.55e-3 1.55e-3
-1.1666702e0 -1.833334e0 4.7069e-1 4.7069e-1
-1.0000043e0 -1.833334e0 8.4723e-1 8.4723e-1
-8.333383e-1 -1.833334e0 1.1404291e0 1.1404291e0
-6.666724e-1 -1.833334e0 1.3595671e0 1.3595671e0
-5.000064e-1 -1.833334e0 1.5138902e0 1.5138902e0
-3.333405e-1 -1.833334e0 1.6126569e0 1.6126569e0
-1.666745e-1 -1.833334e0 1.6651266e0 1.6651266e0
-8.5e-6 -1.833334e0 1.68056e0 1.68056e0
1.666574e-1 -1.833334e0 1.6682156e0 1.6682156e0
3.333234e-1 -1.833334e0 1.6373534e0 1.6373534e0
4.999893e-1 -1.833334e0 1.597229e0 1.597229e0
6.666553e-1 -1.833334e0 1.557106e0 1.557106e0
8.333212e-1 -1.833334e0 1.526242e0 1.526242e0
9.999872e-1 -1.833334e0 1.513893e0 1.513893e0
1.1666531e0 -1.833334e0 1.52933e0 1.52933e0
1.3333191e0 -1.833334e0 1.58179001e0 1.58179001e0
1.499985e0 -1.833334e0 1.6805399e0 1.6805399e0
1.666651e0 -1.833334e0 1.83486e0 1.83486e0
1.833317e0 -1.833334e0 2.0539899e0 2.0539899e0
1.9999829e0 -1.833334e0 2.3472101e0 2.3472101e0

-2.0e0 -1.6666681e0 -3.27777e0 -3.27777e0
-1.833334e0 -1.6666681e0 -2.3456697e0 -2.3456697e0
-1.6666681e0 -1.6666681e0 -1.54321e0 -1.54321e0
-1.5000021e0 -1.6666681e0 -8.611101e-1 -8.611101e-1
-1.3333362e0 -1.6666681e0 -2.901198e-1 -2.901198e-1
-1.1666702e0 -1.6666681e0 1.790201e-1 1.790201e-1
-1.0000043e0 -1.6666681e0 5.5556e-1 5.5556e-1
-8.333383e-1 -1.6666681e0 8.487592e-1 8.487592e-1
-6.666724e-1 -1.6666681e0 1.0678972e0 1.0678972e0
-5.000064e-1 -1.6666681e0 1.2222203e0 1.2222203e0
-3.333405e-1 -1.6666681e0 1.320987e0 1.320987e0
-1.666745e-1 -1.6666681e0 1.3734567e0 1.3734567e0
-8.5e-6 -1.6666681e0 1.38889e0 1.38889e0
1.666574e-1 -1.6666681e0 1.3765457e0 1.3765457e0
3.333234e-1 -1.6666681e0 1.3456834e0 1.3456834e0
4.999893e-1 -1.6666681e0 1.3055591e0 1.3055591e0
6.666553e-1 -1.6666681e0 1.2654361e0 1.2654361e0
8.333212e-1 -1.6666681e0 1.2345721e0 1.2345721e0
9.999872e-1 -1.6666681e0 1.2222231e0 1.2222231e0
1.1666531e0 -1.6666681e0 1.23766011e0 1.23766011e0
1.3333191e0 -1.6666681e0 1.2901201e0 1.2901201e0
1.499985e0 -1.6666681e0 1.38887e0 1.38887e0
1.666651e0 -1.6666681e0 1.54319e0 1.54319e0
1.833317e0 -1.6666681e0 1.7623201e0 1.7623201e0
1.9999829e0 -1.6666681e0 2.0555402e0 2.0555402e0

-2.0e0 -1.5000021e0 -3.54166e0 -3.54166e0
-1.833334e0 -1.5000021e0 -2.60956e0 -2.60956e0
-1.6666681e0 -1.5000021e0 -1.8070999e0 -1.8070999e0
-1.5000021e0 -1.5000021e0 -1.125e0 -1.125e0
-1.3333362e0 -1.5000021e0 -5.5400989e-1 -5.5400989e-1
-1.1666702e0 -1.5000021e0 -8.487e-2 -8.487e-2
-1.0000043e0 -1.5000021e0 2.9167e-1 2.9167e-1
-8.333383e-1 -1.5000021e0 5.84869e-1 5.84869e-1
-6.666724e-1 -1.5000021e0 8.04007e-1 8.04007e-1
-5.000064e-1 -1.5000021e0 9.5833011e-1 9.5833011e-1
-3.333405e-1 -1.5000021e0 1.0570969e0 1.0570969e0
-1.666745e-1 -1.5000021e0 1.1095667e0 1.1095667e0
-8.5e-6 -1.5000021e0 1.125e0 1.125e0
1.666574e-1 -1.5000021e0 1.1126556e0 1.1126556e0
3.333234e-1 -1.5000021e0 1.0817934e0 1.0817934e0
4.999893e-1 -1.5000021e0 1.041669e0 1.041669e0
6.666553e-1 -1.5000021e0 1.0015461e0 1.0015461e0
8.333212e-1 -1.5000021e0 9.7068199e-1 9.7068199e-1
9.999872e-1 -1.5000021e0 9.5833301e-1 9.5833301e-1
1.1666531e0 -1.5000021e0 9.7377e-1 9.7377e-1
1.3333191e0 -1.5000021e0 1.02623e0 1.02623e0
1.499985e0 -1.5000021e0 1.1249799e0 1.1249799e0
1.666651e0 -1.5000021e0 1.2793001e0 1.2793001e0
1.833317e0 -1.5000021e0 1.49843e0 1.49843e0
1.9999829e0 -1.5000021e0 1.7916501e0 1.7916501e0

-2.0e0 -1.3333362e0 -3.7777701e0 -3.7777701e0
-1.833334e0 -1.3333362e0 -2.8456699e0 -2.8456699e0
-1.6666681e0 -1.3333362e0 -2.0432101e0 -2.0432101e0
-1.5000021e0 -1.3333362e0 -1.3611101e0 -1.3611101e0
-1.3333362e0 -1.3333362e0 -7.9012e-1 -7.9012e-1
-1.1666702e0 -1.3333362e0 -3.2098e-1 -3.2098e-1
-1.0000043e0 -1.3333362e0 5.556e-2 5.556e-2
-8.333383e-1 -1.3333362e0 3.48759e-1 3.48759e-1
-6.666724e-1 -1.3333362e0 5.67897e-1 5.67897e-1
-5.000064e-1 -1.3333362e0 7.2222e-1 7.2222e-1
-3.333405e-1 -1.3333362e0 8.2098671e-1 8.2098671e-1
-1.666745e-1 -1.3333362e0 8.7345657e-1 8.7345657e-1
-8.5e-6 -1.3333362e0 8.8889e-1 8.8889e-1
1.666574e-1 -1.3333362e0 8.7654564e-1 8.7654564e-1
3.333234e-1 -1.3333362e0 8.456835e-1 8.456835e-1
4.999893e-1 -1.3333362e0 8.0555899e-1 8.0555899e-1
6.666553e-1 -1.3333362e0 7.6543599e-1 7.6543599e-1
8.333212e-1 -1.3333362e0 7.3457199e-1 7.3457199e-1
9.999872e-1 -1.3333362e0 7.22223e-1 7.22223e-1
1.1666531e0 -1.3333362e0 7.3766e-1 7.3766e-1
1.3333191e0 -1.3333362e0 7.9012e-1 7.9012e-1
1.499985e0 -1.3333362e0 8.888701e-1 8.888701e-1
1.666651e0 -1.3333362e0 1.0431902e0 1.0431902e0
1.833317e0 -1.3333362e0 1.2623201e0 1.2623201e0
1.9999829e0 -1.3333362e0 1.55554e0 1.55554e0

-2.0e0 -1.1666702e0 -3.9861e0 -3.9861e0
-1.833334e0 -1.1666702e0 -3.054e0 -3.054e0
-1.6666681e0 -1.1666702e0 -2.25154e0 -2.25154e0
-1.5000021e0 -1.1666702e0 -1.56944e0 -1.56944e0
-1.3333362e0 -1.1666702e0 -9.9845e-1 -9.9845e-1
-1.1666702e0 -1.1666702e0 -5.2931e-1 -5.2931e-1
-1.0000043e0 -1.1666702e0 -1.5277e-1 -1.5277e-1
-8.333383e-1 -1.1666702e0 1.40429e-1 1.40429e-1
-6.666724e-1 -1.1666702e0 3.59567e-1 3.59567e-1
-5.000064e-1 -1.1666702e0 5.1389e-1 5.1389e-1
-3.333405e-1 -1.1666702e0 6.1265671e-1 6.1265671e-1
-1.666745e-1 -1.1666702e0 6.6512657e-1 6.6512657e-1
-8.5e-6 -1.1666702e0 6.8056e-1 6.8056e-1
1.666574e-1 -1.1666702e0 6.6821564e-1 6.6821564e-1
3.333234e-1 -1.1666702e0 6.373535e-1 6.373535e-1
4.999893e-1 -1.1666702e0 5.9722899e-1 5.9722899e-1
6.666553e-1 -1.1666702e0 5.5710599e-1 5.5710599e-1
8.333212e-1 -1.1666702e0 5.2624199e-1 5.2624199e-1
9.999872e-1 -1.1666702e0 5.13893e-1 5.13893e-1
1.1666531e0 -1.1666702e0 5.2933e-1 5.2933e-1
1.3333191e0 -1.1666702e0 5.8179e-1 5.8179e-1
1.499985e0 -1.1666702e0 6.8054e-1 6.8054e-1
1.666651e0 -1.1666702e0 8.348601e-1 8.348601e-1
1.833317e0 -1.1666702e0 1.05399e0 1.05399e0
1.9999829e0 -1.1666702e0 1.3472101e0 1.3472101e0

-2.0e0 -1.0000043e0 -4.16666e0 -4.16666e0
-1.833334e0 -1.0000043e0 -3.23456e0 -3.23456e0
-1.6666681e0 -1.0000043e0 -2.4320999e0 -2.4320999e0
-1.5000021e0 -1.0000043e0 -1.75e0 -1.75e0
-1.3333362e0 -1.0000043e0 -1.17901e0 -1.17901e0
-1.1666702e0 -1.0000043e0 -7.0987e-1 -7.0987e-1
-1.0000043e0 -1.0000043e0 -3.3333e-1 -3.3333e-1
-8.333383e-1 -1.0000043e0 -4.0131e-2 -4.0131e-2
-6.666724e-1 -1.0000043e0 1.79007e-1 1.79007e-1
-5.000064e-1 -1.0000043e0 3.3333e-1 3.3333e-1
-3.333405e-1 -1.0000043e0 4.3209671e-1 4.3209671e-1
-1.666745e-1 -1.0000043e0 4.8456657e-1 4.8456657e-1
-8.5e-6 -1.0000043e0 5.0e-1 5.0e-1
1.666574e-1 -1.0000043e0 4.8765564e-1 4.8765564e-1
3.333234e-1 -1.0000043e0 4.567935e-1 4.567935e-1
4.999893e-1 -1.0000043e0 4.1666899e-1 4.1666899e-1
6.666553e-1 -1.0000043e0 3.7654599e-1 3.7654599e-1
8.333212e-1 -1.0000043e0 3.4568199e-1 3.4568199e-1
9.999872e-1 -1.0000043e0 3.33333e-1 3.33333e-1
1.1666531e0 -1.0000043e0 3.4877e-1 3.4877e-1
1.3333191e0 -1.0000043e0 4.0123e-1 4.0123e-1
1.499985e0 -1.0000043e0 4.9998e-1 4.9998e-1
1.666651e0 -1.0000043e0 6.543001e-1 6.543001e-1
1.833317e0 -1.0000043e0 8.7343e-1 8.7343e-1
1.9999829e0 -1.0000043e0 1.1666501e0 1.1666501e0

-2.0e0 -8.333383e-1 -4.319434e0 -4.319434e0
-1.833334e0 -8.333383e-1 -3.387334e0 -3.387334e0
-1.6666681e0 -8.333383e-1 -2.5848741e0 -2.5848741e0
-1.5000021e0 -8.333383e-1 -1.9027739e0 -1.9027739e0
-1.3333362e0 -8.333383e-1 -1.331784e0 -1.331784e0
-1.1666702e0 -8.333383e-1 -8.62644e-1 -8.62644e-1
-1.0000043e0 -8.333383e-1 -4.86104e-1 -4.86104e-1
-8.333383e-1 -8.333383e-1 -1.92905e-1 -1.92905e-1
-6.666724e-1 -8.333383e-1 2.6233e-2 2.6233e-2
-5.000064e-1 -8.333383e-1 1.80556e-1 1.80556e-1
-3.333405e-1 -8.333383e-1 2.7932271e-1 2.7932271e-1
-1.666745e-1 -8.333383e-1 3.3179257e-1 3.3179257e-1
-8.5e-6 -8.333383e-1 3.47226e-1 3.47226e-1
1.666574e-1 -8.333383e-1 3.3488164e-1 3.3488164e-1
3.333234e-1 -8.333383e-1 3.040195e-1 3.040195e-1
4.999893e-1 -8.333383e-1 2.6389499e-1 2.6389499e-1
6.666553e-1 -8.333383e-1 2.2377199e-1 2.2377199e-1
8.333212e-1 -8.333383e-1 1.9290797e-1 1.9290797e-1
9.999872e-1 -8.333383e-1 1.80559e-1 1.80559e-1
1.1666531e0 -8.333383e-1 1.95996e-1 1.95996e-1
1.3333191e0 -8.333383e-1 2.48456e-1 2.48456e-1
1.499985e0 -8.333383e-1 3.47206e-1 3.47206e-1
1.666651e0 -8.333383e-1 5.01526e-1 5.01526e-1
1.833317e0 -8.333383e-1 7.20656e-1 7.20656e-1
1.9999829e0 -8.333383e-1 1.013876e0 1.013876e0

-2.0e0 -6.666724e-1 -4.444434e0 -4.444434e0
-1.833334e0 -6.666724e-1 -3.512334e0 -3.512334e0
-1.6666681e0 -6.666724e-1 -2.7098741e0 -2.7098741e0
-1.5000021e0 -6.666724e-1 -2.0277739e0 -2.0277739e0
-1.3333362e0 -6.666724e-1 -1.456784e0 -1.456784e0
-1.1666702e0 -6.666724e-1 -9.87644e-1 -9.87644e-1
-1.0000043e0 -6.666724e-1 -6.11104e-1 -6.11104e-1
-8.333383e-1 -6.666724e-1 -3.17905e-1 -3.17905e-1
-6.666724e-1 -6.666724e-1 -9.8767e-2 -9.8767e-2
-5.000064e-1 -6.666724e-1 5.555599e-2 5.555599e-2
-3.333405e-1 -6.666724e-1 1.5432271e-1 1.5432271e-1
-1.666745e-1 -6.666724e-1 2.0679257e-1 2.0679257e-1
-8.5e-6 -6.666724e-1 2.22226e-1 2.22226e-1
1.666574e-1 -6.666724e-1 2.0988164e-1 2.0988164e-1
3.333234e-1 -6.666724e-1 1.790195e-1 1.790195e-1
4.999893e-1 -6.666724e-1 1.38895001e-1 1.38895001e-1
6.666553e-1 -6.666724e-1 9.8772e-2 9.8772e-2
8.333212e-1 -6.666724e-1 6.790799e-2 6.790799e-2
9.999872e-1 -6.666724e-1 5.5559e-2 5.5559e-2
1.1666531e0 -6.666724e-1 7.0996e-2 7.0996e-2
1.3333191e0 -6.666724e-1 1.23456e-1 1.23456e-1
1.499985e0 -6.666724e-1 2.22206e-1 2.22206e-1
1.666651e0 -6.666724e-1 3.76526e-1 3.76526e-1
1.833317e0 -6.666724e-1 5.95656e-1 5.95656e-1
1.9999829e0 -6.666724e-1 8.88876e-1 8.88876e-1

-2.0e0 -5.000064e-1 -4.5416571e0 -4.5416571e0
-1.833334e0 -5.000064e-1 -3.609557e0 -3.609557e0
-1.6666681e0 -5.000064e-1 -2.8070972e0 -2.8070972e0
-1.5000021e0 -5.000064e-1 -2.1249971e0 -2.1249971e0
-1.3333362e0 -5.000064e-1 -1.55400699e0 -1.55400699e0
-1.1666702e0 -5.000064e-1 -1.08486699e0 -1.08486699e0
-1.0000043e0 -5.000064e-1 -7.08327e-1 -7.08327e-1
-8.333383e-1 -5.000064e-1 -4.1512799e-1 -4.1512799e-1
-6.666724e-1 -5.000064e-1 -1.9598999e-1 -1.9598999e-1
-5.000064e-1 -5.000064e-1 -4.1667e-2 -4.1667e-2
-3.333405e-1 -5.000064e-1 5.709971e-2 5.709971e-2
-1.666745e-1 -5.000064e-1 1.0956958e-1 1.0956958e-1
-8.5e-6 -5.000064e-1 1.25003e-1 1.25003e-1
1.666574e-1 -5.000064e-1 1.1265865e-1 1.1265865e-1
3.333234e-1 -5.000064e-1 8.179651e-2 8.179651e-2
4.999893e-1 -5.000064e-1 4.1672e-2 4.1672e-2
6.666553e-1 -5.000064e-1 1.549e-3 1.549e-3
8.333212e-1 -5.000064e-1 -2.9315e-2 -2.9315e-2
9.999872e-1 -5.000064e-1 -4.166399e-2 -4.166399e-2
1.1666531e0 -5.000064e-1 -2.622699e-2 -2.622699e-2
1.3333191e0 -5.000064e-1 2.6233e-2 2.6233e-2
1.499985e0 -5.000064e-1 1.24983e-1 1.24983e-1
1.666651e0 -5.000064e-1 2.79303e-1 2.79303e-1
1.833317e0 -5.000064e-1 4.984329e-1 4.984329e-1
1.9999829e0 -5.000064e-1 7.91653e-1 7.91653e-1

-2.0e0 -3.333405e-1 -4.611103e0 -4.611103e0
-1.833334e0 -3.333405e-1 -3.679003e0 -3.679003e0
-1.6666681e0 -3.333405e-1 -2.8765431e0 -2.8765431e0
-1.5000021e0 -3.333405e-1 -2.194443e0 -2.194443e0
-1.3333362e0 -3.333405e-1 -1.623453e0 -1.623453e0
-1.1666702e0 -3.333405e-1 -1.154313e0 -1.154313e0
-1.0000043e0 -3.333405e-1 -7.7777301e-1 -7.7777301e-1
-8.333383e-1 -3.333405e-1 -4.84574e-1 -4.84574e-1
-6.666724e-1 -3.333405e-1 -2.65436e-1 -2.65436e-1
-5.000064e-1 -3.333405e-1 -1.1111301e-1 -1.1111301e-1
-3.333405e-1 -3.333405e-1 -1.23463e-2 -1.23463e-2
-1.666745e-1 -3.333405e-1 4.0123572e-2 4.0123572e-2
-8.5e-6 -3.333405e-1 5.5557e-2 5.5557e-2
1.666574e-1 -3.333405e-1 4.321264e-2 4.321264e-2
3.333234e-1 -3.333405e-1 1.23505e-2 1.23505e-2
4.999893e-1 -3.333405e-1 -2.777401e-2 -2.777401e-2
6.666553e-1 -3.333405e-1 -6.789702e-2 -6.789702e-2
8.333212e-1 -3.333405e-1 -9.876102e-2 -9.876102e-2
9.999872e-1 -3.333405e-1 -1.1111e-1 -1.1111e-1
1.1666531e0 -3.333405e-1 -9.5673e-2 -9.5673e-2
1.3333191e0 -3.333405e-1 -4.321301e-2 -4.321301e-2
1.499985e0 -3.333405e-1 5.5537e-2 5.5537e-2
1.666651e0 -3.333405e-1 2.09857e-1 2.09857e-1
1.833317e0 -3.333405e-1 4.28987e-1 4.28987e-1
1.9999829e0 -3.333405e-1 7.22207e-1 7.22207e-1

-2.0e0 -1.666745e-1 -4.6527701e0 -4.6527701e0
-1.833334e0 -1.666745e-1 -3.72067e0 -3.72067e0
-1.6666681e0 -1.666745e-1 -2.9182101e0 -2.9182101e0
-1.5000021e0 -1.666745e-1 -2.2361101e0 -2.2361101e0
-1.3333362e0 -1.666745e-1 -1.66512e0 -1.66512e0
-1.1666702e0 -1.666745e-1 -1.19598e0 -1.19598e0
-1.0000043e0 -1.666745e-1 -8.1944e-1 -8.1944e-1
-8.333383e-1 -1.666745e-1 -5.26241e-1 -5.26241e-1
-6.666724e-1 -1.666745e-1 -3.07103e-1 -3.07103e-1
-5.000064e-1 -1.666745e-1 -1.5278e-1 -1.5278e-1
-3.333405e-1 -1.666745e-1 -5.4013301e-2 -5.4013301e-2
-1.666745e-1 -1.666745e-1 -1.54343e-3 -1.54343e-3
-8.5e-6 -1.666745e-1 1.389e-2 1.389e-2
1.666574e-1 -1.666745e-1 1.54564e-3 1.54564e-3
3.333234e-1 -1.666745e-1 -2.93165e-2 -2.93165e-2
4.999893e-1 -1.666745e-1 -6.944101e-2 -6.944101e-2
6.666553e-1 -1.666745e-1 -1.0956401e-1 -1.0956401e-1
8.333212e-1 -1.666745e-1 -1.4042801e-1 -1.4042801e-1
9.999872e-1 -1.666745e-1 -1.52777e-1 -1.52777e-1
1.1666531e0 -1.666745e-1 -1.3734e-1 -1.3734e-1
1.3333191e0 -1.666745e-1 -8.488e-2 -8.488e-2
1.499985e0 -1.666745e-1 1.387e-2 1.387e-2
1.666651e0 -1.666745e-1 1.6819e-1 1.6819e-1
1.833317e0 -1.666745e-1 3.8732e-1 3.8732e-1
1.9999829e0 -1.666745e-1 6.8054e-1 6.8054e-1

-2.0e0 -8.5e-6 -4.66666e0 -4.66666e0
-1.833334e0 -8.5e-6 -3.73456e0 -3.73456e0
-1.6666681e0 -8.5e-6 -2.9321e0 -2.9321e0
-1.5000021e0 -8.5e-6 -2.25e0 -2.25e0
-1.3333362e0 -8.5e-6 -1.67901e0 -1.67901e0
-1.1666702e0 -8.5e-6 -1.20987e0 -1.20987e0
-1.0000043e0 -8.5e-6 -8.3333e-1 -8.3333e-1
-8.333383e-1 -8.5e-6 -5.40131e-1 -5.40131e-1
-6.666724e-1 -8.5e-6 -3.20993e-1 -3.20993e-1
-5.000064e-1 -8.5e-6 -1.6667e-1 -1.6667e-1
-3.333405e-1 -8.5e-6 -6.79033e-2 -6.79033e-2
-1.666745e-1 -8.5e-6 -1.5433429e-2 -1.5433429e-2
-8.5e-6 -8.5e-6 -2.04707e-16 -2.04707e-16
1.666574e-1 -8.5e-6 -1.234436e-2 -1.234436e-2
3.333234e-1 -8.5e-6 -4.3206499e-2 -4.3206499e-2
4.999893e-1 -8.5e-6 -8.333101e-2 -8.333101e-2
6.666553e-1 -8.5e-6 -1.2345401e-1 -1.2345401e-1
8.333212e-1 -8.5e-6 -1.5431801e-1 -1.5431801e-1
9.999872e-1 -8.5e-6 -1.6666699e-1 -1.6666699e-1
1.1666531e0 -8.5e-6 -1.5123e-1 -1.5123e-1
1.3333191e0 -8.5e-6 -9.877e-2 -9.877e-2
1.499985e0 -8.5e-6 -2.0e-5 -2.0e-5
1.666651e0 -8.5e-6 1.543001e-1 1.543001e-1
1.833317e0 -8.5e-6 3.7343e-1 3.7343e-1
1.9999829e0 -8.5e-6 6.666501e-1 6.666501e-1

-2.0e0 1.666574e-1 -4.6527728e0 -4.6527728e0
-1.833334e0 1.666574e-1 -3.7206728e0 -3.7206728e0
-1.6666681e0 1.666574e-1 -2.9182129e0 -2.9182129e0
-1.5000021e0 1.666574e-1 -2.2361128e0 -2.2361128e0
-1.3333362e0 1.666574e-1 -1.6651227e0 -1.6651227e0
-1.1666702e0 1.666574e-1 -1.1959827e0 -1.1959827e0
-1.0000043e0 1.666574e-1 -8.194427e-1 -8.194427e-1
-8.333383e-1 1.666574e-1 -5.262437e-1 -5.262437e-1
-6.666724e-1 1.666574e-1 -3.071057e-1 -3.071057e-1
-5.000064e-1 1.666574e-1 -1.527827e-1 -1.527827e-1
-3.333405e-1 1.666574e-1 -5.4016e-2 -5.4016e-2
-1.666745e-1 1.666574e-1 -1.5461299e-3 -1.5461299e-3
-8.5e-6 1.666574e-1 1.38873e-2 1.38873e-2
1.666574e-1 1.666574e-1 1.54294e-3 1.54294e-3
3.333234e-1 1.666574e-1 -2.9319199e-2 -2.9319199e-2
4.999893e-1 1.666574e-1 -6.944371e-2 -6.944371e-2
6.666553e-1 1.666574e-1 -1.0956671e-1 -1.0956671e-1
8.333212e-1 1.666574e-1 -1.4043071e-1 -1.4043071e-1
9.999872e-1 1.666574e-1 -1.527797e-1 -1.527797e-1
1.1666531e0 1.666574e-1 -1.373427e-1 -1.373427e-1
1.3333191e0 1.666574e-1 -8.48827e-2 -8.48827e-2
1.499985e0 1.666574e-1 1.38672e-2 1.38672e-2
1.666651e0 1.666574e-1 1.681873e-1 1.681873e-1
1.833317e0 1.666574e-1 3.873172e-1 3.873172e-1
1.9999829e0 1.666574e-1 6.805373e-1 6.805373e-1

-2.0e0 3.333234e-1 -4.611109e0 -4.611109e0
-1.833334e0 3.333234e-1 -3.679009e0 -3.679009e0
-1.6666681e0 3.333234e-1 -2.876549e0 -2.876549e0
-1.5000021e0 3.333234e-1 -2.194449e0 -2.194449e0
-1.3333362e0 3.333234e-1 -1.623459e0 -1.623459e0
-1.1666702e0 3.333234e-1 -1.154319e0 -1.154319e0
-1.0000043e0 3.333234e-1 -7.77779e-1 -7.77779e-1
-8.333383e-1 3.333234e-1 -4.8458e-1 -4.8458e-1
-6.666724e-1 3.333234e-1 -2.65442e-1 -2.65442e-1
-5.000064e-1 3.333234e-1 -1.1111901e-1 -1.1111901e-1
-3.333405e-1 3.333234e-1 -1.23523e-2 -1.23523e-2
-1.666745e-1 3.333234e-1 4.011757e-2 4.011757e-2
-8.5e-6 3.333234e-1 5.5551e-2 5.5551e-2
1.666574e-1 3.333234e-1 4.3206639e-2 4.3206639e-2
3.333234e-1 3.333234e-1 1.23445e-2 1.23445e-2
4.999893e-1 3.333234e-1 -2.778001e-2 -2.778001e-2
6.666553e-1 3.333234e-1 -6.790302e-2 -6.790302e-2
8.333212e-1 3.333234e-1 -9.876701e-2 -9.876701e-2
9.999872e-1 3.333234e-1 -1.11116e-1 -1.11116e-1
1.1666531e0 3.333234e-1 -9.5679e-2 -9.5679e-2
1.3333191e0 3.333234e-1 -4.321901e-2 -4.321901e-2
1.499985e0 3.333234e-1 5.5531e-2 5.5531e-2
1.666651e0 3.333234e-1 2.09851e-1 2.09851e-1
1.833317e0 3.333234e-1 4.28981e-1 4.28981e-1
1.9999829e0 3.333234e-1 7.222011e-1 7.222011e-1

-2.0e0 4.999893e-1 -4.5416661e0 -4.5416661e0
-1.833334e0 4.999893e-1 -3.609566e0 -3.609566e0
-1.6666681e0 4.999893e-1 -2.8071062e0 -2.8071062e0
-1.5000021e0 4.999893e-1 -2.1250061e0 -2.1250061e0
-1.3333362e0 4.999893e-1 -1.55401599e0 -1.55401599e0
-1.1666702e0 4.999893e-1 -1.08487599e0 -1.08487599e0
-1.0000043e0 4.999893e-1 -7.08336e-1 -7.08336e-1
-8.333383e-1 4.999893e-1 -4.15137e-1 -4.15137e-1
-6.666724e-1 4.999893e-1 -1.95999e-1 -1.95999e-1
-5.000064e-1 4.999893e-1 -4.1676e-2 -4.1676e-2
-3.333405e-1 4.999893e-1 5.709071e-2 5.709071e-2
-1.666745e-1 4.999893e-1 1.0956058e-1 1.0956058e-1
-8.5e-6 4.999893e-1 1.24994e-1 1.24994e-1
1.666574e-1 4.999893e-1 1.1264964e-1 1.1264964e-1
3.333234e-1 4.999893e-1 8.178751e-2 8.178751e-2
4.999893e-1 4.999893e-1 4.1663e-2 4.1663e-2
6.666553e-1 4.999893e-1 1.540001e-3 1.540001e-3
8.333212e-1 4.999893e-1 -2.9324e-2 -2.9324e-2
9.999872e-1 4.999893e-1 -4.167299e-2 -4.167299e-2
1.1666531e0 4.999893e-1 -2.6236e-2 -2.6236e-2
1.3333191e0 4.999893e-1 2.6224e-2 2.6224e-2
1.499985e0 4.999893e-1 1.24974e-1 1.24974e-1
1.666651e0 4.999893e-1 2.79294e-1 2.79294e-1
1.833317e0 4.999893e-1 4.984239e-1 4.984239e-1
1.9999829e0 4.999893e-1 7.91644e-1 7.91644e-1

-2.0e0 6.666553e-1 -4.4444461e0 -4.4444461e0
-1.833334e0 6.666553e-1 -3.512346e0 -3.512346e0
-1.6666681e0 6.666553e-1 -2.7098862e0 -2.7098862e0
-1.5000021e0 6.666553e-1 -2.0277861e0 -2.0277861e0
-1.3333362e0 6.666553e-1 -1.45679599e0 -1.45679599e0
-1.1666702e0 6.666553e-1 -9.8765599e-1 -9.8765599e-1
-1.0000043e0 6.666553e-1 -6.11116e-1 -6.11116e-1
-8.333383e-1 6.666553e-1 -3.1791699e-1 -3.1791699e-1
-6.666724e-1 6.666553e-1 -9.8779e-2 -9.8779e-2
-5.000064e-1 6.666553e-1 5.5544e-2 5.5544e-2
-3.333405e-1 6.666553e-1 1.5431071e-1 1.5431071e-1
-1.666745e-1 6.666553e-1 2.0678058e-1 2.0678058e-1
-8.5e-6 6.666553e-1 2.22214e-1 2.22214e-1
1.666574e-1 6.666553e-1 2.0986964e-1 2.0986964e-1
3.333234e-1 6.666553e-1 1.790075e-1 1.790075e-1
4.999893e-1 6.666553e-1 1.38883e-1 1.38883e-1
6.666553e-1 6.666553e-1 9.876e-2 9.876e-2
8.333212e-1 6.666553e-1 6.7896e-2 6.7896e-2
9.999872e-1 6.666553e-1 5.554701e-2 5.554701e-2
1.1666531e0 6.666553e-1 7.098401e-2 7.098401e-2
1.3333191e0 6.666553e-1 1.23444e-1 1.23444e-1
1.499985e0 6.666553e-1 2.22194e-1 2.22194e-1
1.666651e0 6.666553e-1 3.76514e-1 3.76514e-1
1.833317e0 6.666553e-1 5.956439e-1 5.956439e-1
1.9999829e0 6.666553e-1 8.88864e-1 8.88864e-1

-2.0e0 8.333212e-1 -4.31945e0 -4.31945e0
-1.833334e0 8.333212e-1 -3.38735e0 -3.38735e0
-1.6666681e0 8.333212e-1 -2.5848901e0 -2.5848901e0
-1.5000021e0 8.333212e-1 -1.9027899e0 -1.9027899e0
-1.3333362e0 8.333212e-1 -1.33179999e0 -1.33179999e0
-1.1666702e0 8.333212e-1 -8.6265999e-1 -8.6265999e-1
-1.0000043e0 8.333212e-1 -4.8612e-1 -4.8612e-1
-8.333383e-1 8.333212e-1 -1.9292097e-1 -1.9292097e-1
-6.666724e-1 8.333212e-1 2.621701e-2 2.621701e-2
-5.000064e-1 8.333212e-1 1.8054001e-1 1.8054001e-1
-3.333405e-1 8.333212e-1 2.7930672e-1 2.7930672e-1
-1.666745e-1 8.333212e-1 3.3177658e-1 3.3177658e-1
-8.5e-6 8.333212e-1 3.4721e-1 3.4721e-1
1.666574e-1 8.333212e-1 3.3486565e-1 3.3486565e-1
3.333234e-1 8.333212e-1 3.0400351e-1 3.0400351e-1
4.999893e-1 8.333212e-1 2.63879e-1 2.63879e-1
6.666553e-1 8.333212e-1 2.23756e-1 2.23756e-1
8.333212e-1 8.333212e-1 1.92892e-1 1.92892e-1
9.999872e-1 8.333212e-1 1.8054301e-1 1.8054301e-1
1.1666531e0 8.333212e-1 1.9598001e-1 1.9598001e-1
1.3333191e0 8.333212e-1 2.4844e-1 2.4844e-1
1.499985e0 8.333212e-1 3.471901e-1 3.471901e-1
1.666651e0 8.333212e-1 5.0151e-1 5.0151e-1
1.833317e0 8.333212e-1 7.2064e-1 7.2064e-1
1.9999829e0 8.333212e-1 1.01386e0 1.01386e0

-2.0e0 9.999872e-1 -4.166674e0 -4.166674e0
-1.833334e0 9.999872e-1 -3.234574e0 -3.234574e0
-1.6666681e0 9.999872e-1 -2.432114e0 -2.432114e0
-1.5000021e0 9.999872e-1 -1.7500139e0 -1.7500139e0
-1.3333362e0 9.999872e-1 -1.179024e0 -1.179024e0
-1.1666702e0 9.999872e-1 -7.09884e-1 -7.09884e-1
-1.0000043e0 9.999872e-1 -3.33344e-1 -3.33344e-1
-8.333383e-1 9.999872e-1 -4.0145e-2 -4.0145e-2
-6.666724e-1 9.999872e-1 1.78993e-1 1.78993e-1
-5.000064e-1 9.999872e-1 3.33316e-1 3.33316e-1
-3.333405e-1 9.999872e-1 4.320827e-1 4.320827e-1
-1.666745e-1 9.999872e-1 4.8455257e-1 4.8455257e-1
-8.5e-6 9.999872e-1 4.99986e-1 4.99986e-1
1.666574e-1 9.999872e-1 4.8764163e-1 4.8764163e-1
3.333234e-1 9.999872e-1 4.567795e-1 4.567795e-1
4.999893e-1 9.999872e-1 4.1665498e-1 4.1665498e-1
6.666553e-1 9.999872e-1 3.7653198e-1 3.7653198e-1
8.333212e-1 9.999872e-1 3.4566798e-1 3.4566798e-1
9.999872e-1 9.999872e-1 3.33319e-1 3.33319e-1
1.1666531e0 9.999872e-1 3.48756e-1 3.48756e-1
1.3333191e0 9.999872e-1 4.0121599e-1 4.0121599e-1
1.499985e0 9.999872e-1 4.99966e-1 4.99966e-1
1.666651e0 9.999872e-1 6.54286e-1 6.54286e-1
1.833317e0 9.999872e-1 8.73416e-1 8.73416e-1
1.9999829e0 9.999872e-1 1.166636e0 1.166636e0

-2.0e0 1.1666531e0 -3.98613e0 -3.98613e0
-1.833334e0 1.1666531e0 -3.05403e0 -3.05403e0
-1.6666681e0 1.1666531e0 -2.25157e0 -2.25157e0
-1.5000021e0 1.1666531e0 -1.5694699e0 -1.5694699e0
-1.3333362e0 1.1666531e0 -9.9848e-1 -9.9848e-1
-1.1666702e0 1.1666531e0 -5.2934e-1 -5.2934e-1
-1.0000043e0 1.1666531e0 -1.528e-1 -1.528e-1
-8.333383e-1 1.1666531e0 1.40399e-1 1.40399e-1
-6.666724e-1 1.1666531e0 3.59537e-1 3.59537e-1
-5.000064e-1 1.1666531e0 5.1386e-1 5.1386e-1
-3.333405e-1 1.1666531e0 6.1262671e-1 6.1262671e-1
-1.666745e-1 1.1666531e0 6.6509657e-1 6.6509657e-1
-8.5e-6 1.1666531e0 6.8053e-1 6.8053e-1
1.666574e-1 1.1666531e0 6.6818564e-1 6.6818564e-1
3.333234e-1 1.1666531e0 6.373235e-1 6.373235e-1
4.999893e-1 1.1666531e0 5.9719899e-1 5.9719899e-1
6.666553e-1 1.1666531e0 5.5707599e-1 5.5707599e-1
8.333212e-1 1.1666531e0 5.2621199e-1 5.2621199e-1
9.999872e-1 1.1666531e0 5.13863e-1 5.13863e-1
1.1666531e0 1.1666531e0 5.293e-1 5.293e-1
1.3333191e0 1.1666531e0 5.8176e-1 5.8176e-1
1.499985e0 1.1666531e0 6.8051e-1 6.8051e-1
1.666651e0 1.1666531e0 8.3483e-1 8.3483e-1
1.833317e0 1.1666531e0 1.05396e0 1.05396e0
1.9999829e0 1.1666531e0 1.34718e0 1.34718e0

-2.0e0 1.3333191e0 -3.77781e0 -3.77781e0
-1.833334e0 1.3333191e0 -2.8457098e0 -2.8457098e0
-1.6666681e0 1.3333191e0 -2.04325e0 -2.04325e0
-1.5000021e0 1.3333191e0 -1.3611499e0 -1.3611499e0
-1.3333362e0 1.3333191e0 -7.9015999e-1 -7.9015999e-1
-1.1666702e0 1.3333191e0 -3.2101999e-1 -3.2101999e-1
-1.0000043e0 1.3333191e0 5.552e-2 5.552e-2
-8.333383e-1 1.3333191e0 3.4871901e-1 3.4871901e-1
-6.666724e-1 1.3333191e0 5.6785701e-1 5.6785701e-1
-5.000064e-1 1.3333191e0 7.2218001e-1 7.2218001e-1
-3.333405e-1 1.3333191e0 8.2094672e-1 8.2094672e-1
-1.666745e-1 1.3333191e0 8.7341658e-1 8.7341658e-1
-8.5e-6 1.3333191e0 8.8885e-1 8.8885e-1
1.666574e-1 1.3333191e0 8.7650565e-1 8.7650565e-1
3.333234e-1 1.3333191e0 8.4564351e-1 8.4564351e-1
4.999893e-1 1.3333191e0 8.05519e-1 8.05519e-1
6.666553e-1 1.3333191e0 7.65396e-1 7.65396e-1
8.333212e-1 1.3333191e0 7.34532e-1 7.34532e-1
9.999872e-1 1.3333191e0 7.2218301e-1 7.2218301e-1
1.1666531e0 1.3333191e0 7.3762001e-1 7.3762001e-1
1.3333191e0 1.3333191e0 7.9008e-1 7.9008e-1
1.499985e0 1.3333191e0 8.8883e-1 8.8883e-1
1.666651e0 1.3333191e0 1.04315e0 1.04315e0
1.833317e0 1.3333191e0 1.26228e0 1.26228e0
1.9999829e0 1.3333191e0 1.5555e0 1.5555e0

-2.0e0 1.499985e0 -3.5416899e0 -3.5416899e0
-1.833334e0 1.499985e0 -2.6095898e0 -2.6095898e0
-1.6666681e0 1.499985e0 -1.80713e0 -1.80713e0
-1.5000021e0 1.499985e0 -1.1250299e0 -1.1250299e0
-1.3333362e0 1.499985e0 -5.5404e-1 -5.5404e-1
-1.1666702e0 1.499985e0 -8.49e-2 -8.49e-2
-1.0000043e0 1.499985e0 2.9164e-1 2.9164e-1
-8.333383e-1 1.499985e0 5.84839e-1 5.84839e-1
-6.666724e-1 1.499985e0 8.03977e-1 8.03977e-1
-5.000064e-1 1.499985e0 9.583e-1 9.583e-1
-3.333405e-1 1.499985e0 1.0570668e0 1.0570668e0
-1.666745e-1 1.499985e0 1.1095366e0 1.1095366e0
-8.5e-6 1.499985e0 1.12497e0 1.12497e0
1.666574e-1 1.499985e0 1.1126256e0 1.1126256e0
3.333234e-1 1.499985e0 1.0817633e0 1.0817633e0
4.999893e-1 1.499985e0 1.04163899e0 1.04163899e0
6.666553e-1 1.499985e0 1.00151599e0 1.00151599e0
8.333212e-1 1.499985e0 9.70652e-1 9.70652e-1
9.999872e-1 1.499985e0 9.58303e-1 9.58303e-1
1.1666531e0 1.499985e0 9.7374e-1 9.7374e-1
1.3333191e0 1.499985e0 1.0262e0 1.0262e0
1.499985e0 1.499985e0 1.12495e0 1.12495e0
1.666651e0 1.499985e0 1.27927e0 1.27927e0
1.833317e0 1.499985e0 1.4984e0 1.4984e0
1.9999829e0 1.499985e0 1.7916202e0 1.7916202e0

-2.0e0 1.666651e0 -3.2778099e0 -3.2778099e0
-1.833334e0 1.666651e0 -2.3457098e0 -2.3457098e0
-1.6666681e0 1.666651e0 -1.54325e0 -1.54325e0
-1.5000021e0 1.666651e0 -8.6115e-1 -8.6115e-1
-1.3333362e0 1.666651e0 -2.9015999e-1 -2.9015999e-1
-1.1666702e0 1.666651e0 1.7898e-1 1.7898e-1
-1.0000043e0 1.666651e0 5.5552e-1 5.5552e-1
-8.333383e-1 1.666651e0 8.48719e-1 8.48719e-1
-6.666724e-1 1.666651e0 1.067857e0 1.067857e0
-5.000064e-1 1.666651e0 1.2221802e0 1.2221802e0
-3.333405e-1 1.666651e0 1.3209468e0 1.3209468e0
-1.666745e-1 1.666651e0 1.3734166e0 1.3734166e0
-8.5e-6 1.666651e0 1.38885e0 1.38885e0
1.666574e-1 1.666651e0 1.3765056e0 1.3765056e0
3.333234e-1 1.666651e0 1.3456433e0 1.3456433e0
4.999893e-1 1.666651e0 1.305519e0 1.305519e0
6.666553e-1 1.666651e0 1.265396e0 1.265396e0
8.333212e-1 1.666651e0 1.234532e0 1.234532e0
9.999872e-1 1.666651e0 1.222183e0 1.222183e0
1.1666531e0 1.666651e0 1.23762001e0 1.23762001e0
1.3333191e0 1.666651e0 1.29008e0 1.29008e0
1.499985e0 1.666651e0 1.38883e0 1.38883e0
1.666651e0 1.666651e0 1.54315e0 1.54315e0
1.833317e0 1.666651e0 1.76228e0 1.76228e0
1.9999829e0 1.666651e0 2.0555e0 2.0555e0

-2.0e0 1.833317e0 -2.9861299e0 -2.9861299e0
-1.833334e0 1.833317e0 -2.0540298e0 -2.0540298e0
-1.6666681e0 1.833317e0 -1.2515701e0 -1.2515701e0
-1.5000021e0 1.833317e0 -5.6947e-1 -5.6947e-1
-1.3333362e0 1.833317e0 1.52e-3 1.52e-3
-1.1666702e0 1.833317e0 4.7066e-1 4.7066e-1
-1.0000043e0 1.833317e0 8.472e-1 8.472e-1
-8.333383e-1 1.833317e0 1.140399e0 1.140399e0
-6.666724e-1 1.833317e0 1.359537e0 1.359537e0
-5.000064e-1 1.833317e0 1.5138602e0 1.5138602e0
-3.333405e-1 1.833317e0 1.6126268e0 1.6126268e0
-1.666745e-1 1.833317e0 1.6650966e0 1.6650966e0
-8.5e-6 1.833317e0 1.68053e0 1.68053e0
1.666574e-1 1.833317e0 1.6681856e0 1.6681856e0
3.333234e-1 1.833317e0 1.6373233e0 1.6373233e0
4.999893e-1 1.833317e0 1.597199e0 1.597199e0
6.666553e-1 1.833317e0 1.557076e0 1.557076e0
8.333212e-1 1.833317e0 1.526212e0 1.526212e0
9.999872e-1 1.833317e0 1.5138629e0 1.5138629e0
1.1666531e0 1.833317e0 1.5293e0 1.5293e0
1.3333191e0 1.833317e0 1.58176e0 1.58176e0
1.499985e0 1.833317e0 1.68051e0 1.68051e0
1.666651e0 1.833317e0 1.83483e0 1.83483e0
1.833317e0 1.833317e0 2.05396e0 2.05396e0
1.9999829e0 1.833317e0 2.3471802e0 2.3471802e0

-2.0e0 1.9999829e0 -2.6667099e0 -2.6667099e0
-1.833334e0 1.9999829e0 -1.73461e0 -1.73461e0
-1.6666681e0 1.9999829e0 -9.321501e-1 -9.321501e-1
-1.5000021e0 1.9999829e0 -2.5005e-1 -2.5005e-1
-1.3333362e0 1.9999829e0 3.209401e-1 3.209401e-1
-1.1666702e0 1.9999829e0 7.9008e-1 7.9008e-1
-1.0000043e0 1.9999829e0 1.16662e0 1.16662e0
-8.333383e-1 1.9999829e0 1.459819e0 1.459819e0
-6.666724e-1 1.9999829e0 1.678957e0 1.678957e0
-5.000064e-1 1.9999829e0 1.8332802e0 1.8332802e0
-3.333405e-1 1.9999829e0 1.9320468e0 1.9320468e0
-1.666745e-1 1.9999829e0 1.9845166e0 1.9845166e0
-8.5e-6 1.9999829e0 1.99995e0 1.99995e0
1.666574e-1 1.9999829e0 1.9876056e0 1.9876056e0
3.333234e-1 1.9999829e0 1.9567433e0 1.9567433e0
4.999893e-1 1.9999829e0 1.916619e0 1.916619e0
6.666553e-1 1.9999829e0 1.876496e0 1.876496e0
8.333212e-1 1.9999829e0 1.845632e0 1.845632e0
9.999872e-1 1.9999829e0 1.833283e0 1.833283e0
1.1666531e0 1.9999829e0 1.84872e0 1.84872e0
1.3333191e0 1.9999829e0 1.90118e0 1.90118e0
1.499985e0 1.9999829e0 1.9999298e0 1.9999298e0
1.666651e0 1.9999829e0 2.15425e0 2.15425e0
1.833317e0 1.9999829e0 2.3733798e0 2.3733798e0
1.9999829e0 1.9999829e0 2.6666e0 2.6666e0
